19	26	3	3	24
7	18	13	12	10
2	12	17	13	8
6	10	25	9	21
16	2	1	19	22
26	17	3	13	26
10	2	23	2	19
11	19	2	26	12
23	19	26	19	15
13	11	25	24	10
24	19	2	2	6
11	22	11	8	18
9	17	12	11	4
17	16	17	23	12
11	21	19	4	7
9	12	19	22	7
19	14	22	5	3
2	15	25	9	13
23	9	5	2	25
25	4	7	7	26
4	2	22	26	6
12	19	13	11	22
14	25	7	14	10
5	2	16	5	9
7	25	9	9	10
8	19	20	4	9
24	18	23	15	4
15	21	19	12	26
19	13	16	26	21
4	3	17	13	9
19	13	21	19	12
17	16	6	16	15
14	9	26	8	22
3	4	26	26	17
3	22	2	19	10
2	20	23	19	17
24	3	12	8	11
5	8	14	10	5
25	4	20	18	13
9	7	25	5	20
13	24	26	8	13
4	12	14	14	7
20	7	26	9	23
20	12	5	14	21
15	24	21	14	8
12	26	24	20	16
13	11	13	19	8
13	13	23	24	6
26	13	19	19	11
11	22	11	25	1
13	17	14	26	2
1	25	15	25	12
9	9	10	14	10
23	1	21	13	3
8	13	11	20	21
20	25	8	10	12
12	16	17	11	13
2	15	7	11	19
17	24	3	13	24
11	25	12	2	3
11	13	2	17	26
16	3	2	22	16
7	19	16	6	3
23	1	2	8	22
5	1	2	6	15
4	15	26	19	22
3	19	24	8	11
26	10	3	15	2
8	7	10	16	15
4	8	9	19	1
24	13	5	8	25
5	20	24	1	12
8	15	7	15	22
2	2	10	17	4
24	26	25	26	16
7	25	4	5	9
25	2	22	15	20
21	5	5	12	2
14	6	3	19	15
15	24	2	3	19
6	24	15	6	25
26	23	18	5	5
8	3	15	16	12
7	23	21	17	18
22	13	19	2	13
15	26	8	20	3
12	10	18	3	24
11	12	21	18	11
15	11	3	2	25
23	6	10	14	24
2	13	5	16	6
25	26	11	17	9
3	22	2	5	24
8	13	19	18	10
4	1	17	15	2
5	20	4	25	2
13	2	8	12	7
17	2	21	25	25
22	11	26	12	10
16	21	23	14	16
9	25	19	18	20
8	19	7	5	18
7	26	21	8	3
7	9	16	15	16
1	14	2	18	22
26	25	17	1	23
3	21	20	16	18
24	17	23	22	3
12	18	18	6	25
21	16	20	15	24
23	12	20	7	26
23	10	2	14	9
4	14	17	21	4
13	8	14	5	5
8	8	26	4	15
18	3	8	3	2
13	7	15	15	10
14	16	23	13	5
6	2	13	21	12
1	21	9	23	1
1	6	12	9	9
14	3	18	7	11
20	13	3	18	5
12	23	18	9	12
17	10	9	6	3
4	12	9	16	16
10	13	17	17	26
18	15	13	11	12
23	19	18	7	7
18	21	3	4	1
15	13	24	15	22
14	11	14	24	17
11	15	10	15	6
16	16	16	4	8
7	14	13	16	3
23	7	25	25	9
19	8	14	1	18
10	14	7	1	21
18	16	17	12	16
10	25	9	1	26
19	15	21	5	22
13	19	15	1	15
25	7	23	1	16
19	17	2	14	8
19	1	6	4	17
19	26	17	24	11
15	7	20	14	11
11	1	1	16	25
23	11	9	3	25
16	15	1	21	16
18	5	8	4	1
1	8	6	2	4
5	23	7	19	11
17	8	23	19	9
23	18	22	9	1
10	18	2	1	20
20	24	22	20	8
20	20	24	8	3
1	10	25	19	13
13	10	19	8	5
23	5	16	12	12
12	16	13	4	26
24	8	24	13	4
23	10	4	11	14
25	19	25	8	4
19	12	18	13	23
21	24	5	18	9
3	8	8	1	6
5	25	19	21	10
23	25	11	5	5
1	22	15	20	5
5	19	25	1	10
14	9	14	25	18
26	22	25	5	5
26	23	17	26	3
26	9	2	12	25
25	22	12	14	7
17	13	13	18	3
1	2	4	5	20
2	23	11	3	23
6	22	25	21	11
22	6	16	25	20
13	11	9	14	11
6	19	4	5	3
24	9	14	14	1
14	17	10	15	22
13	7	14	15	20
16	2	11	16	4
9	7	1	26	1
4	20	22	20	10
4	25	3	10	6
9	18	6	22	10
14	22	23	7	22
26	24	2	7	10
24	14	8	3	21
26	4	15	5	14
5	1	26	19	17
4	9	9	26	7
17	16	10	22	23
7	17	23	13	22
1	25	10	3	18
15	22	22	21	15
2	13	9	14	1
2	15	15	9	5
18	11	4	12	12
5	7	18	21	10
24	1	5	4	4
22	11	7	14	20
5	18	4	19	20
6	3	7	21	24
13	9	11	26	16
7	8	21	15	11
9	11	1	7	22
2	12	19	20	12
18	1	8	8	8
21	17	15	1	15
13	3	4	25	15
20	3	13	11	6
16	11	1	4	2
22	24	2	18	4
6	13	5	24	11
14	2	4	16	23
5	24	18	19	3
7	24	17	8	18
20	24	16	18	8
9	26	21	9	19
14	3	26	17	15
3	3	17	23	22
19	6	19	18	16
23	2	12	5	5
25	24	1	11	19
6	15	11	17	7
24	13	23	4	23
9	1	25	7	5
4	20	13	12	9
21	2	2	18	18
7	14	14	14	9
16	1	13	15	8
5	10	4	20	8
2	7	1	11	10
5	18	10	6	8
18	3	10	23	2
1	9	13	23	24
8	23	26	14	21
26	8	17	9	20
4	25	13	17	2
20	8	12	8	15
24	10	4	22	8
18	22	11	11	1
24	3	21	7	14
14	17	4	23	7
8	17	10	22	23
6	17	17	16	12
23	6	13	23	11
25	8	18	5	21
25	21	8	20	20
16	8	13	1	14
8	9	22	5	15
13	6	16	13	9
23	3	20	15	10
19	19	18	7	25
12	6	6	23	8
15	1	2	17	1
17	24	11	26	14
23	13	22	12	18
19	6	3	10	21
26	11	20	24	10
14	6	4	26	17
7	14	7	19	16
18	19	26	4	2
19	10	17	18	25
6	3	5	10	1
25	13	17	13	5
26	16	1	23	19
26	8	9	12	12
26	21	15	20	6
24	19	20	21	2
4	1	25	7	24
10	2	5	17	1
23	10	25	13	13
6	20	21	18	24
2	12	13	19	18
22	18	25	25	12
24	3	5	23	14
12	1	22	11	9
9	10	17	11	7
11	25	24	3	5
1	25	17	21	23
20	8	13	11	26
21	24	20	7	9
18	8	2	25	10
5	20	5	5	7
20	6	23	3	5
1	18	21	12	1
19	10	8	18	9
12	5	6	9	9
4	11	25	14	11
14	3	2	3	14
9	13	2	6	26
18	12	7	23	10
12	19	6	6	18
13	23	18	10	12
16	22	21	26	17
19	7	16	5	6
1	17	6	18	19
26	22	5	7	19
20	16	26	25	4
24	20	8	9	20
26	10	23	7	21
10	14	18	11	24
9	16	6	4	12
10	10	8	7	18
24	17	15	23	6
20	15	1	15	4
3	3	21	15	10
3	12	23	9	8
5	3	20	5	10
12	8	22	14	4
22	10	8	23	6
15	21	13	20	22
16	25	4	26	6
4	25	6	12	14
4	12	26	9	12
5	23	17	12	26
15	3	19	19	7
12	7	2	18	11
26	15	5	4	15
4	9	11	8	1
18	15	24	6	17
10	13	25	6	5
23	10	6	3	18
11	15	14	1	10
3	11	12	8	12
11	8	21	15	8
19	10	6	11	2
12	5	9	6	9
12	10	24	10	7
7	8	25	15	11
3	8	14	8	18
7	16	15	24	5
13	23	15	17	2
1	8	13	4	16
10	15	22	6	6
15	23	19	19	11
25	25	2	16	16
3	24	10	10	22
6	12	21	13	7
21	8	12	5	3
26	6	17	19	9
17	16	19	25	16
7	22	18	22	17
18	4	16	15	12
23	17	11	25	4
3	7	22	7	26
24	12	22	23	25
13	2	16	4	24
9	19	8	7	15
6	20	9	4	20
2	5	3	14	21
25	25	18	23	2
2	25	18	11	22
20	20	4	5	24
13	25	11	3	5
13	21	19	5	11
11	6	7	21	9
17	26	25	9	16
5	8	15	26	9
24	5	13	17	25
14	23	7	12	4
24	21	7	5	24
24	7	16	13	17
4	6	24	11	12
5	26	4	20	1
17	24	4	22	23
2	8	24	1	26
20	21	23	24	17
3	20	13	22	24
20	21	23	7	25
1	1	16	17	17
18	11	15	21	22
11	12	2	16	20
23	19	22	9	18
6	11	8	18	24
15	7	4	24	23
13	25	9	2	8
16	11	21	3	3
23	20	2	10	9
3	19	2	25	25
18	7	14	24	2
26	15	18	12	14
7	3	16	19	11
21	25	1	4	23
24	22	3	12	5
14	3	15	1	12
20	9	12	20	13
11	18	19	6	12
26	22	16	9	13
5	26	7	3	15
6	5	2	6	5
17	6	11	21	18
14	26	3	12	25
11	2	4	25	24
18	10	7	26	1
5	20	8	16	15
23	23	10	5	2
1	22	25	22	7
21	13	8	7	13
11	19	4	6	24
5	3	15	13	20
5	16	13	1	11
14	22	20	9	10
18	8	3	22	17
23	17	23	17	19
6	25	2	19	22
4	13	9	4	5
5	3	20	20	11
2	8	25	19	24
9	7	1	18	10
3	8	25	5	25
5	13	11	5	24
23	16	9	2	22
19	10	22	14	24
13	19	8	24	25
11	24	21	1	23
2	22	12	3	22
9	13	23	2	20
17	18	1	5	19
18	9	14	17	4
5	1	20	1	24
21	23	22	3	4
24	3	6	22	5
21	12	14	11	10
4	12	4	20	12
26	19	18	8	17
18	21	7	9	10
3	2	13	16	23
24	9	12	12	1
22	12	22	20	24
19	25	10	8	21
8	24	6	7	7
15	26	6	23	25
16	11	22	17	26
7	6	12	8	26
15	5	1	23	21
8	21	4	17	3
6	5	8	6	21
14	17	11	7	19
17	3	3	13	22
5	14	11	25	8
17	12	2	14	26
2	24	18	2	16
8	4	12	20	18
2	20	16	7	7
16	9	19	13	17
15	9	17	13	12
14	15	26	10	4
1	21	12	25	10
21	26	19	21	13
8	25	19	20	24
13	6	10	9	4
15	10	24	12	4
13	3	16	18	3
14	13	24	2	12
19	2	10	19	4
23	24	3	7	1
17	8	20	24	3
11	14	5	3	22
26	7	1	16	15
6	13	20	10	26
25	20	7	1	18
3	6	5	4	25
2	17	2	3	13
22	22	20	5	25
25	20	26	8	8
23	3	26	4	17
3	20	20	1	14
9	7	12	7	1
9	25	25	15	7
17	2	21	23	21
15	9	23	16	6
23	10	1	4	21
6	3	17	5	24
15	22	13	6	24
3	21	19	17	4
15	25	11	16	7
20	24	3	17	26
20	26	10	12	24
14	23	4	21	23
18	12	3	13	13
8	25	2	9	10
6	14	26	24	22
17	23	21	18	10
19	19	22	10	25
1	9	6	3	14
17	13	20	17	3
21	23	24	20	16
15	13	6	10	20
16	4	6	10	26
15	19	5	12	4
16	23	12	6	2
10	21	22	17	3
22	11	18	18	23
23	2	10	22	12
21	22	6	15	26
21	23	7	2	20
15	26	22	13	12
18	16	1	22	1
15	13	8	25	4
14	4	20	15	24
23	6	14	19	13
8	26	13	11	24
7	1	17	7	26
25	7	18	24	7
19	11	16	19	8
5	7	12	19	19
6	13	9	7	5
20	8	1	23	1
9	2	1	19	1
4	1	25	20	23
6	25	21	3	11
6	25	21	12	24
5	16	24	3	10
21	1	5	15	14
9	17	1	16	23
7	10	3	5	24
25	25	20	7	25
1	19	23	22	24
20	17	16	22	26
25	16	19	8	14
3	2	24	13	7
17	13	1	18	24
17	22	12	23	22
22	7	22	10	16
14	19	7	1	19
20	17	7	10	5
19	24	10	15	23
19	16	14	17	7
6	3	26	15	6
1	17	8	26	23
18	1	1	21	21
21	8	11	8	2
6	24	24	10	17
1	10	2	12	2
1	14	14	20	14
8	25	17	3	3
8	18	5	21	16
21	17	7	6	24
6	12	25	10	1
7	17	14	17	18
17	17	24	25	16
2	2	8	26	23
17	9	14	2	3
11	12	22	21	1
6	2	1	4	11
7	25	18	5	14
16	9	17	11	19
9	15	7	22	17
21	23	2	23	13
5	26	6	18	8
22	18	22	8	9
8	24	1	20	11
2	19	5	17	14
13	25	24	24	9
6	8	4	25	20
9	22	22	19	14
1	13	21	10	10
24	24	10	9	13
23	22	15	24	15
26	11	11	5	23
10	20	4	5	20
1	19	16	9	7
15	22	16	24	2
21	20	14	25	13
20	14	3	10	21
5	5	21	20	6
25	6	3	26	12
7	20	18	10	7
4	8	20	20	3
12	17	26	26	3
24	21	11	14	8
9	12	9	10	7
6	5	20	16	3
5	1	21	25	23
26	17	12	9	23
12	7	8	20	18
18	12	12	21	7
6	3	21	1	16
21	9	24	10	15
25	11	11	24	19
12	24	4	1	13
18	11	21	4	25
26	21	6	4	12
13	4	14	3	4
24	3	18	24	17
15	3	12	22	8
6	3	7	3	16
14	8	9	10	7
5	15	22	24	20
24	6	18	2	23
2	2	16	22	17
1	13	11	10	26
23	25	18	22	13
13	23	12	20	19
15	23	17	13	15
16	4	14	2	7
2	20	12	19	8
4	6	11	22	18
3	12	10	14	6
14	2	21	18	19
10	14	19	25	14
19	16	26	14	7
16	20	7	9	9
14	13	10	19	12
23	25	1	17	8
12	21	6	14	10
18	20	4	5	23
9	19	14	25	21
7	5	23	8	26
3	13	13	15	20
16	17	6	16	26
1	12	8	13	4
10	12	14	5	19
13	7	16	8	4
13	6	20	20	18
16	20	15	12	16
9	25	13	24	26
11	6	12	14	9
8	9	22	25	25
12	2	19	10	3
10	2	5	25	13
26	11	2	16	11
16	15	10	2	19
1	7	11	17	10
23	13	20	10	1
9	19	18	4	4
19	17	18	15	3
10	11	13	15	19
6	26	5	21	12
21	13	4	10	19
9	12	12	2	14
15	25	24	25	10
12	9	9	8	25
16	17	12	18	22
12	4	15	12	17
10	18	25	6	14
4	7	23	4	22
24	23	1	9	21
3	11	6	2	18
17	14	22	19	5
12	13	24	25	5
12	21	19	18	7
16	23	21	1	17
20	8	8	10	8
1	16	24	14	20
22	19	18	1	7
1	2	23	23	1
12	12	6	18	8
19	5	8	3	13
14	4	14	17	21
21	21	1	11	7
6	19	11	18	20
4	5	19	13	24
21	18	24	10	14
12	7	18	17	11
4	13	17	13	14
9	26	8	21	8
9	25	3	16	26
16	8	10	9	7
20	7	16	2	8
15	11	26	2	20
10	13	25	14	4
11	1	2	25	7
21	2	25	26	17
4	20	3	16	6
21	18	11	10	18
8	19	5	16	10
22	13	1	2	20
8	2	3	15	21
9	17	1	19	25
23	3	5	4	22
14	4	3	11	17
21	17	17	21	24
20	5	14	23	21
1	5	24	16	10
1	7	25	2	23
7	7	5	24	12
21	11	22	7	13
6	5	3	13	12
19	16	12	7	20
11	12	15	18	2
10	14	5	26	19
5	1	9	14	26
10	12	22	13	3
20	8	2	7	5
15	15	18	21	13
10	16	8	9	6
16	5	16	13	2
4	12	20	17	7
15	9	5	13	24
18	25	24	15	11
19	11	4	20	23
2	1	26	25	3
15	6	15	6	12
16	3	16	17	4
15	26	1	6	25
13	2	19	23	6
13	17	23	2	10
18	17	17	5	18
15	6	24	19	2
26	13	23	4	26
8	4	26	21	25
9	13	23	10	26
23	12	25	10	22
22	9	15	24	14
12	12	10	20	6
20	10	13	16	4
3	3	11	5	10
11	14	25	8	11
18	2	3	13	13
26	24	14	25	11
10	22	12	1	12
19	2	21	23	16
5	9	19	6	19
26	16	21	3	25
12	6	22	20	20
6	2	9	13	4
18	17	8	22	12
6	7	12	5	13
10	20	18	15	1
4	11	1	24	2
8	25	4	15	21
20	10	16	18	24
21	5	9	12	2
7	25	26	5	22
16	17	19	20	5
2	3	3	22	25
24	2	9	19	1
11	17	4	17	20
4	18	23	20	12
9	17	1	2	9
9	6	2	1	17
2	20	22	12	15
6	24	22	25	6
16	6	13	12	1
24	7	17	19	2
5	5	1	13	7
4	6	20	25	12
11	26	21	1	6
9	10	9	3	8
25	3	16	16	8
1	6	21	15	5
1	8	12	14	6
18	5	25	5	3
18	10	7	11	15
16	7	23	3	6
8	4	11	12	2
18	8	14	13	2
23	14	26	18	12
20	15	14	12	9
14	20	20	3	16
26	3	3	9	20
17	6	26	12	18
8	8	19	17	2
21	15	2	1	7
18	22	24	19	20
17	8	18	12	4
8	18	5	13	11
20	2	6	19	18
12	2	23	4	17
18	5	10	7	4
7	18	7	16	23
17	17	9	10	18
20	18	20	8	19
2	4	7	24	10
16	22	3	23	24
25	16	10	6	9
1	20	18	11	18
4	8	20	4	23
17	7	4	14	5
7	15	10	7	7
10	23	24	1	13
5	16	25	25	15
1	6	3	3	14
5	17	20	7	16
8	13	4	6	1
2	12	5	23	4
24	9	16	1	19
8	10	8	12	25
15	18	4	6	15
23	26	4	20	17
6	25	8	11	8
11	17	3	13	11
10	20	26	3	19
3	2	25	14	8
8	4	20	16	25
7	11	21	18	2
5	20	3	26	22
24	18	19	20	6
13	10	11	1	20
10	6	26	9	2
3	9	6	3	15
8	10	21	10	25
1	9	8	19	26
18	1	1	19	11
26	22	12	8	21
14	19	24	15	14
5	18	15	3	12
21	6	22	16	24
25	23	3	1	17
17	3	25	24	10
14	18	13	10	26
15	9	12	14	1
22	20	19	1	24
8	21	5	3	8
21	13	7	4	13
11	23	17	22	17
4	5	3	15	7
22	15	20	2	8
19	12	17	18	12
19	4	17	17	7
15	16	22	24	5
17	21	23	16	17
2	9	18	4	2
2	21	24	20	2
23	3	9	3	22
19	14	14	12	23
12	14	5	9	14
22	15	23	22	21
12	5	20	18	3
4	7	22	7	4
18	22	25	17	19
18	3	16	4	26
2	1	23	23	3
8	6	22	14	13
10	5	13	12	20
7	19	15	2	8
11	20	14	22	5
9	12	5	3	24
21	8	8	15	10
22	16	20	25	9
14	23	8	18	1
22	24	1	9	3
5	7	12	22	10
25	8	25	22	9
14	26	3	3	15
26	19	5	10	23
11	1	13	17	13
11	15	23	2	8
22	26	23	8	2
22	11	8	14	1
25	7	9	23	6
3	21	23	12	9
23	25	18	5	26
23	26	15	26	19
14	5	11	5	21
17	4	14	18	3
12	15	25	4	19
11	1	11	17	20
16	9	2	23	6
5	14	24	11	5
15	20	25	20	4
9	26	10	6	4
13	20	21	11	2
2	24	11	22	4
17	1	10	24	6
22	20	18	19	8
13	17	7	1	14
23	13	11	19	19
18	2	26	3	23
23	2	15	14	26
13	21	26	26	3
4	19	7	25	11
10	18	9	9	26
21	9	11	16	13
20	13	25	25	11
20	26	24	7	20
19	2	6	17	9
12	6	8	5	22
22	20	24	25	7
5	2	24	22	1
19	21	9	1	20
9	8	1	11	3
23	11	25	24	20
26	11	12	16	19
18	25	19	19	2
20	10	2	9	6
1	15	8	26	2
13	1	11	17	3
5	25	19	14	14
8	7	4	14	17
9	13	19	9	2
11	4	8	15	20
20	1	7	12	4
22	15	26	9	19
13	17	18	17	12
9	4	2	3	4
16	9	8	3	10
26	23	1	8	20
26	12	12	16	21
21	21	23	10	12
9	11	11	3	15
12	10	21	21	9
22	19	24	4	19
23	9	20	11	20
20	17	17	6	25
11	7	9	2	18
19	13	9	13	8
25	19	12	20	13
23	18	11	23	21
11	3	5	21	6
21	11	4	2	6
10	20	5	22	19
4	2	19	4	3
24	19	12	6	25
1	18	5	4	12
7	26	25	22	19
6	18	21	20	20
15	8	1	9	4
3	13	12	4	7
25	1	5	3	5
26	22	18	18	24
1	4	7	5	8
17	4	20	26	15
24	3	24	2	20
9	10	2	14	16
14	19	25	15	16
1	21	23	4	18
7	22	5	21	17
12	9	16	2	4
5	16	22	23	1
5	15	10	9	20
1	5	14	6	20
13	14	7	9	8
16	25	6	2	9
24	11	11	26	12
23	23	10	5	8
24	4	8	17	16
12	23	6	8	2
11	13	3	2	7
13	9	24	16	15
9	26	10	5	5
10	14	18	16	15
21	13	24	11	7
15	19	1	10	24
12	4	22	20	7
18	26	10	3	15
1	26	24	1	13
19	15	11	9	20
9	22	26	15	10
19	23	3	25	11
17	13	18	7	5
14	18	1	12	14
2	19	9	15	4
14	1	10	12	20
17	20	11	11	14
19	6	2	15	23
17	15	7	3	19
26	2	18	23	8
6	12	21	7	22
16	4	3	16	9
19	5	23	12	16
11	11	13	24	23
13	18	1	15	10
11	5	10	21	1
2	4	16	7	2
9	24	2	8	19
24	23	1	8	21
7	16	14	14	4
13	26	23	25	13
23	6	26	15	19
19	18	9	2	16
14	20	14	12	13
5	17	19	4	14
2	11	1	9	3
22	18	15	16	11
3	25	14	23	3
5	13	12	18	17
7	17	14	23	7
1	24	14	13	16
22	26	22	25	17
24	18	24	13	8
23	16	9	18	25
21	23	3	13	20
5	16	16	17	1
20	18	20	13	26
6	12	19	23	10
26	1	6	5	19
1	25	22	11	1
16	21	1	8	16
21	3	6	3	17
1	25	10	11	23
15	16	7	4	7
20	15	12	24	8
24	16	19	3	13
17	14	13	16	9
24	6	13	13	11
13	21	20	17	17